%fecha	S1	S2	S3	S7
%2010_enero	0,235	0,242	0,242	0,252
NDVI_ref=[0,235	0,242	0,242	0,252];