Ayl.Sector{1}={'31/03/2000',4.06;
'06/02/2001',5.29;
'08/01/2002',3.76;
'19/01/2003',2.66;
'30/01/2004',4.42;
'16/01/2005',3.76;
'08/03/2006',4.42;
'23/02/2007',4.25;
'10/02/2008',3.84;
'12/02/2009',4.63;
'30/01/2010',4.05};
Ayl.nro{1}=1;
Ayl.Sector{2}={'31/03/2000',6.52;
'06/02/2001',6.06;
'08/01/2002',4.01;
'19/01/2003',5.35;
'30/01/2004',5.83;
'16/01/2005',4.50;
'08/03/2006',4.13;
'23/02/2007',3.82;
'10/02/2008',3.95;
'12/02/2009',4.67;
'30/01/2010',5.04;};
Ayl.nro{2}=2;
Ayl.Sector{3}={'31/03/2000',3.25;
'06/02/2001',4.42;
'08/01/2002',2.73;
'19/01/2003',4.66;
'30/01/2004',5.59;
'16/01/2005',4.33;
'08/03/2006',3.41;
'23/02/2007',3.32;
'10/02/2008',2.88;
'12/02/2009',3.52;
'30/01/2010',4.01;};
Ayl.nro{3}=3;
Ayl.Sector{4}={'31/03/2000',32.11
'06/02/2001',39.10
'08/01/2002',38.70
'19/01/2003',47.56
'30/01/2004',41.21
'16/01/2005',41.78
'08/03/2006',40.34
'23/02/2007',40.28
'10/02/2008',40.01
'12/02/2009',40.22
'30/01/2010',45.21};
Ayl.nro{4}=7;

%_______________> se grafica en cruce_real_calculado.m